0 64
65 129
130 194
195 259
260 324
325 389
390 454
455 519
520 584
585 649
650 714
715 779
780 844
845 909
910 974
975 1039
1040 1104
1105 1169
1170 1234
1235 1299
1300 1364
1365 1429
1430 1494
1495 1559
1560 1624
1625 1689
1690 1754
1755 1819
1820 1884
1885 1949
1950 2014
2015 2079
2080 2144
2145 2209
2210 2274
2275 2339
2340 2404
2405 2469
2470 2534
2535 2599
2600 2664
2665 2729
2730 2794
2795 2859
2860 2924
2925 2989
2990 3054
3055 3119
3120 3184
3185 3249
3250 3314
3315 3379
3380 3444
3445 3509
3510 3574
3575 3639
3640 3704
3705 3769
3770 3834
3835 3899
3900 3964
3965 4029
4030 4094
4095 4159
4160 4224