0 1 1 1
1 1 1 1
3 1 1 1
5 1 1 1
6 1 1 1
10 1 1 1
11 1 1 1
15 1 1 1
16 1 1 1
26 1 1 1
27 1 1 1
31 1 1 1
32 1 1 1
42 1 1 1
43 1 1 1
47 1 1 1
48 1 1 1
82 1 1 1
83 1 1 1
87 1 1 1
88 1 1 1
98 1 1 1
99 1 1 1
103 1 1 1
104 1 1 1
138 1 1 1
139 1 1 1
143 1 1 1
144 1 1 1
154 1 1 1
155 1 1 1
159 1 1 1
160 1 1 1
290 1 1 1
307 1 1 1
315 1 1 1
367 1 1 1
375 1 1 1
532 1 1 1
555 1 1 1
607 1 1 1
612 1 1 1
699 1 1 1
711 1 1 1
714 1 1 1
721 1 1 1
723 1 1 1
737 1 1 1
739 1 1 1
740 1 1 1
746 1 1 1
748 1 1 1
785 1 1 1
788 1 1 1
795 1 1 1
797 1 1 1
811 1 1 1
813 1 1 1
819 1 1 1
821 1 1 1
993 1 1 1
1003 1 1 1
1059 1 1 1
1067 1 1 1
1088 1 1 1