0 1 1 1
1 1 1 1
2 1 1 1
4 1 1 1
5 1 1 1
9 1 1 1
10 1 1 1
14 1 1 1
15 1 1 1
25 1 1 1
26 1 1 1
30 1 1 1
31 1 1 1
41 1 1 1
42 1 1 1
46 1 1 1
47 1 1 1
81 1 1 1
82 1 1 1
86 1 1 1
87 1 1 1
97 1 1 1
98 1 1 1
102 1 1 1
103 1 1 1
137 1 1 1
138 1 1 1
142 1 1 1
143 1 1 1
153 1 1 1
154 1 1 1
158 1 1 1
159 1 1 1
290 1 1 1
292 1 1 1
295 1 1 1
307 1 1 1
315 1 1 1
347 1 1 1
355 1 1 1
367 1 1 1
375 1 1 1
408 1 1 1
430 1 1 1
532 1 1 1
555 1 1 1
587 1 1 1
595 1 1 1
607 1 1 1
612 1 1 1
631 1 1 1
643 1 1 1
699 1 1 1
739 1 1 1
903 1 1 1
939 1 1 1
993 1 1 1
1003 1 1 1
1016 1 1 1
1024 1 1 1
1059 1 1 1
1067 1 1 1
1079 1 1 1
1083 1 1 1
1088 1 1 1
1090 1 1 1
1091 1 1 1
1497 1 1 1
1511 1 1 1
1524 1 1 1
1533 1 1 1
1597 1 1 1
1622 1 1 1
1636 1 1 1
1644 1 1 1
1671 1 1 1
1794 1 1 1
1821 1 1 1
1835 1 1 1
1854 1 1 1
1870 1 1 1
1875 1 1 1
1880 1 1 1
1909 1 1 1
1913 1 1 1
1940 1 1 1
1953 1 1 1
2038 1 1 1
2043 1 1 1
2061 1 1 1
2069 1 1 1
2111 1 1 1
2199 1 1 1
2229 1 1 1
2230 1 1 1
2258 1 1 1
2260 1 1 1
2646 1 1 1
2903 1 1 1
3037 1 1 1
3281 1 1 1
3461 1 1 1
3471 1 1 1
3500 1 1 1
3511 1 1 1
3573 1 1 1
3593 1 1 1
3614 1 1 1
3622 1 1 1
3664 1 1 1
3784 1 1 1
3798 1 1 1
3830 1 1 1
3840 1 1 1
3853 1 1 1
3857 1 1 1
3859 1 1 1
3882 1 1 1
3884 1 1 1
3978 1 1 1
3980 1 1 1
4012 1 1 1
4015 1 1 1
4064 1 1 1
4188 1 1 1
4195 1 1 1
4218 1 1 1
4220 1 1 1
4224 1 1 1
4226 1 1 1
4227 1 1 1
4633 1 1 1
4647 1 1 1
4660 1 1 1
4669 1 1 1
4733 1 1 1
4758 1 1 1
4772 1 1 1
4780 1 1 1
4807 1 1 1
4930 1 1 1
4957 1 1 1
4971 1 1 1
4990 1 1 1
5006 1 1 1
5011 1 1 1
5016 1 1 1
5045 1 1 1
5049 1 1 1
5076 1 1 1
5089 1 1 1
5174 1 1 1
5179 1 1 1
5197 1 1 1
5205 1 1 1
5247 1 1 1
5335 1 1 1
5365 1 1 1
5366 1 1 1
5394 1 1 1
5396 1 1 1
5782 1 1 1
6039 1 1 1
6173 1 1 1
6417 1 1 1
6597 1 1 1
6607 1 1 1
6636 1 1 1
6647 1 1 1
6709 1 1 1
6729 1 1 1
6750 1 1 1
6758 1 1 1
6800 1 1 1
6920 1 1 1
6934 1 1 1
6966 1 1 1
6976 1 1 1
6989 1 1 1
6993 1 1 1
6995 1 1 1
7018 1 1 1
7020 1 1 1
7114 1 1 1
7116 1 1 1
7148 1 1 1
7151 1 1 1
7200 1 1 1
7324 1 1 1
7331 1 1 1
7354 1 1 1
7356 1 1 1
7360 1 1 1
7362 1 1 1
7363 1 1 1
7769 1 1 1
7783 1 1 1
7796 1 1 1
7805 1 1 1
7869 1 1 1
7894 1 1 1
7908 1 1 1
7916 1 1 1
7943 1 1 1
8066 1 1 1
8093 1 1 1
8107 1 1 1
8126 1 1 1
8142 1 1 1
8147 1 1 1
8152 1 1 1
8181 1 1 1
8185 1 1 1
8212 1 1 1
8225 1 1 1
8310 1 1 1
8315 1 1 1
8333 1 1 1
8341 1 1 1
8383 1 1 1
8471 1 1 1
8501 1 1 1
8502 1 1 1
8530 1 1 1
8532 1 1 1
8918 1 1 1
9175 1 1 1
9309 1 1 1
9553 1 1 1
9733 1 1 1
9743 1 1 1
9772 1 1 1
9783 1 1 1
9845 1 1 1
9865 1 1 1
9886 1 1 1
9894 1 1 1
9936 1 1 1
10056 1 1 1
10070 1 1 1
10102 1 1 1
10112 1 1 1
10125 1 1 1
10129 1 1 1
10131 1 1 1
10154 1 1 1
10156 1 1 1
10250 1 1 1
10252 1 1 1
10284 1 1 1
10287 1 1 1
10336 1 1 1
10460 1 1 1
10467 1 1 1
10490 1 1 1
10492 1 1 1
10496 1 1 1