# Surface Tracking Data
Frame 0
0 0.995041 0.881511 -0.238487
1 0.992540 0.884140 -0.244514
2 0.990041 0.885265 -0.249999
3 0.987657 0.887374 -0.255134
4 0.985388 0.890467 -0.259917
5 0.981278 0.892716 -0.266826
6 0.977744 0.895080 -0.271117
7 0.974182 0.897297 -0.275467
8 0.970677 0.899809 -0.279701
9 0.965192 0.902785 -0.285320
10 0.960674 0.905178 -0.288537
11 0.956173 0.907642 -0.291726
12 0.951655 0.910036 -0.294943
13 0.944897 0.913283 -0.299169
14 0.939531 0.915244 -0.301134
15 0.934175 0.917245 -0.303084
16 0.928828 0.919285 -0.305019
17 0.923472 0.921286 -0.306969
18 0.915015 0.923472 -0.308236
19 0.909174 0.924959 -0.308634
20 0.903332 0.926447 -0.309032
21 0.897491 0.927935 -0.309430
22 0.888865 0.929629 -0.308858
23 0.883038 0.930630 -0.307615
24 0.877212 0.931631 -0.306373
25 0.871385 0.932632 -0.305130
26 0.863632 0.934871 -0.302384
27 0.857837 0.934035 -0.300343
28 0.852710 0.935713 -0.297286
29 0.847249 0.936134 -0.294738
30 0.839558 0.935413 -0.291125
31 0.835203 0.936603 -0.286896
32 0.830108 0.935411 -0.283596
33 0.825754 0.936601 -0.279367
34 0.819591 0.936113 -0.273871
35 0.815608 0.935082 -0.269375
36 0.811874 0.934779 -0.264636
37 0.808140 0.934476 -0.259896
38 0.804438 0.935017 -0.253284
39 0.801691 0.935033 -0.247904
40 0.798931 0.935022 -0.242530
41 0.795809 0.934866 -0.236144
42 0.793724 0.934882 -0.230475
43 0.791764 0.935161 -0.224759
44 0.789679 0.935176 -0.219089
45 0.787563 0.935042 -0.212759
46 0.786354 0.935996 -0.206889
47 0.784621 0.935921 -0.201073
48 0.783150 0.936360 -0.195231
49 0.781618 0.936741 -0.189152
50 0.780525 0.937652 -0.183281
51 0.779432 0.938563 -0.177410
52 0.778707 0.940170 -0.171578
53 0.777247 0.940385 -0.165668
54 0.776302 0.941746 -0.158900
55 0.774991 0.941072 -0.153041
56 0.773680 0.940398 -0.147183
57 0.772368 0.939724 -0.141324
58 0.770646 0.938154 -0.135661
59 0.769899 0.938659 -0.129563
60 0.768885 0.938537 -0.123609
61 0.767398 0.937468 -0.117755
62 0.766383 0.937346 -0.111801
63 0.765842 0.938170 -0.105747
64 0.764816 0.937818 -0.099479
65 0.764441 0.938519 -0.093483
66 0.763936 0.938964 -0.087480
67 0.763394 0.939414 -0.080187
68 0.763765 0.939857 -0.074174
69 0.764135 0.940299 -0.068160
70 0.764505 0.940741 -0.062147
71 0.765654 0.940839 -0.054489
72 0.766971 0.940861 -0.048593
73 0.768665 0.941570 -0.042784
74 0.770856 0.941612 -0.035131
75 0.773476 0.941628 -0.029688
76 0.775531 0.940459 -0.023969
77 0.778714 0.941661 -0.018800
78 0.782927 0.940768 -0.011387
79 0.786976 0.940746 -0.006903
80 0.790991 0.940634 -0.002391
81 0.795006 0.940522 0.002122
82 0.800590 0.940114 0.007679
83 0.805256 0.939437 0.011456
84 0.809872 0.938637 0.015271
85 0.814513 0.937899 0.019068
86 0.822049 0.936289 0.024279
87 0.827548 0.934913 0.026368
88 0.833230 0.934024 0.028295
89 0.838729 0.932648 0.030384
90 0.844045 0.930785 0.032635
91 0.852597 0.928566 0.033633
92 0.858297 0.926620 0.034102
93 0.863997 0.924673 0.034571
94 0.869696 0.922727 0.035039
95 0.877810 0.918870 0.034076
96 0.883080 0.916163 0.032897
97 0.888376 0.913515 0.031697
98 0.893671 0.910866 0.030498
99 0.900396 0.908042 0.027613
100 0.905431 0.905660 0.025276
101 0.910467 0.903279 0.022938
102 0.915374 0.900500 0.020728
103 0.921580 0.896934 0.016399
104 0.925900 0.894692 0.012822
105 0.930221 0.892449 0.009245
106 0.934542 0.890206 0.005668
107 0.939262 0.886944 0.001065
108 0.943081 0.884820 -0.003107
109 0.947287 0.883957 -0.007565
110 0.950718 0.880573 -0.011450
111 0.954596 0.877674 -0.016066
112 0.958183 0.875696 -0.020507
113 0.961770 0.873719 -0.024947
114 0.965358 0.871741 -0.029388
115 0.969147 0.869479 -0.034269
116 0.972553 0.867712 -0.038934
117 0.975960 0.865944 -0.043600
118 0.979366 0.864177 -0.048265
119 0.983301 0.861999 -0.054177
120 0.984811 0.858194 -0.059365
121 0.987602 0.856743 -0.064523
122 0.990393 0.855293 -0.069680
123 0.994716 0.856413 -0.076130
124 0.996970 0.855405 -0.081643
125 0.999225 0.854398 -0.087157
126 1.001779 0.853708 -0.093867
127 1.003436 0.853000 -0.099633
128 1.005092 0.852292 -0.105399
129 1.006566 0.850987 -0.112700
130 1.007963 0.852216 -0.118529
131 1.008749 0.851604 -0.124567
132 1.010033 0.853031 -0.131659
133 1.010430 0.853650 -0.137656
134 1.010828 0.854268 -0.143652
135 1.011009 0.854654 -0.150838
136 1.010949 0.856137 -0.156713
137 1.010750 0.857169 -0.162662
138 1.010552 0.858201 -0.168611
139 1.009841 0.859949 -0.175620
140 1.008987 0.861364 -0.181431
141 1.008126 0.862750 -0.187247
142 1.007272 0.864165 -0.193058
143 1.006125 0.866805 -0.199276
144 1.004890 0.868559 -0.204924
145 1.003597 0.870035 -0.210645
146 1.002422 0.872068 -0.216219
147 1.000389 0.874465 -0.222626
148 0.998556 0.876447 -0.228031
149 0.996723 0.878430 -0.233435