64 0
129 65
194 130
259 195
324 260
389 325
454 390
519 455
584 520
649 585
714 650
779 715
844 780
909 845
974 910
1039 975
1104 1040
1169 1105
1234 1170
1299 1235
1364 1300
1429 1365
1494 1430
1559 1495
1624 1560
1689 1625
1754 1690
1819 1755
1884 1820
1949 1885
2014 1950
2079 2015
2144 2080
2209 2145
2274 2210
2339 2275
2404 2340
2469 2405
2534 2470
2599 2535
2664 2600
2729 2665
2794 2730
2859 2795
2924 2860
2989 2925
3054 2990
3119 3055
3184 3120
3249 3185
3314 3250
3379 3315
3444 3380
3509 3445
3574 3510
3639 3575
3704 3640
3769 3705
3834 3770
3899 3835
3964 3900
4029 3965
4094 4030
4159 4095
4224 4160