0 1 1 1
1 1 1 1
2 1 1 1
3 1 1 1
4 1 1 1
5 1 1 1
6 1 1 1
7 1 1 1
8 1 1 1
9 1 1 1
10 1 1 1
11 1 1 1
12 1 1 1
13 1 1 1
14 1 1 1
15 1 1 1
273 1 1 1
277 1 1 1
282 1 1 1
285 1 1 1
290 1 1 1
293 1 1 1
298 1 1 1
301 1 1 1
306 1 1 1
309 1 1 1
314 1 1 1
317 1 1 1
322 1 1 1
325 1 1 1
330 1 1 1
333 1 1 1
1057 1 1 1
1061 1 1 1
1066 1 1 1
1069 1 1 1
1074 1 1 1
1077 1 1 1
1082 1 1 1
1085 1 1 1
1090 1 1 1
1093 1 1 1
1098 1 1 1
1101 1 1 1
1106 1 1 1
1109 1 1 1
1114 1 1 1
1117 1 1 1
1841 1 1 1
1845 1 1 1
1850 1 1 1
1853 1 1 1
1858 1 1 1
1861 1 1 1
1866 1 1 1
1869 1 1 1
1874 1 1 1
1877 1 1 1
1882 1 1 1
1885 1 1 1
1890 1 1 1
1893 1 1 1
1898 1 1 1
1901 1 1 1
4161 1 1 1
4165 1 1 1
4170 1 1 1
4173 1 1 1
4178 1 1 1
4181 1 1 1
4186 1 1 1
4189 1 1 1
4194 1 1 1
4197 1 1 1
4202 1 1 1
4205 1 1 1
4210 1 1 1
4213 1 1 1
4218 1 1 1
4221 1 1 1
4945 1 1 1
4949 1 1 1
4954 1 1 1
4957 1 1 1
4962 1 1 1
4965 1 1 1
4970 1 1 1
4973 1 1 1
4978 1 1 1
4981 1 1 1
4986 1 1 1
4989 1 1 1
4994 1 1 1
4997 1 1 1
5002 1 1 1
5005 1 1 1
7265 1 1 1
7269 1 1 1
7274 1 1 1
7277 1 1 1
7282 1 1 1
7285 1 1 1
7290 1 1 1
7293 1 1 1
7298 1 1 1
7301 1 1 1
7306 1 1 1
7309 1 1 1
7314 1 1 1
7317 1 1 1
7322 1 1 1
7325 1 1 1
8049 1 1 1
8053 1 1 1
8058 1 1 1
8061 1 1 1
8066 1 1 1
8069 1 1 1
8074 1 1 1
8077 1 1 1
8082 1 1 1
8085 1 1 1
8090 1 1 1
8093 1 1 1
8098 1 1 1
8101 1 1 1
8106 1 1 1
8109 1 1 1
256 1 1 1
257 1 1 1
258 1 1 1
259 1 1 1
260 1 1 1
261 1 1 1
262 1 1 1
263 1 1 1
264 1 1 1
265 1 1 1
266 1 1 1
267 1 1 1
268 1 1 1
269 1 1 1
270 1 1 1
271 1 1 1
1011 1 1 1
1014 1 1 1
1017 1 1 1
1020 1 1 1
1023 1 1 1
1026 1 1 1
1029 1 1 1
1032 1 1 1
1035 1 1 1
1038 1 1 1
1041 1 1 1
1044 1 1 1
1047 1 1 1
1050 1 1 1
1053 1 1 1
1055 1 1 1
1795 1 1 1
1798 1 1 1
1801 1 1 1
1804 1 1 1
1807 1 1 1
1810 1 1 1
1813 1 1 1
1816 1 1 1
1819 1 1 1
1822 1 1 1
1825 1 1 1
1828 1 1 1
1831 1 1 1
1834 1 1 1
1837 1 1 1
1839 1 1 1
2579 1 1 1
2582 1 1 1
2585 1 1 1
2588 1 1 1
2591 1 1 1
2594 1 1 1
2597 1 1 1
2600 1 1 1
2603 1 1 1
2606 1 1 1
2609 1 1 1
2612 1 1 1
2615 1 1 1
2618 1 1 1
2621 1 1 1
2623 1 1 1
4899 1 1 1
4902 1 1 1
4905 1 1 1
4908 1 1 1
4911 1 1 1
4914 1 1 1
4917 1 1 1
4920 1 1 1
4923 1 1 1
4926 1 1 1
4929 1 1 1
4932 1 1 1
4935 1 1 1
4938 1 1 1
4941 1 1 1
4943 1 1 1
5683 1 1 1
5686 1 1 1
5689 1 1 1
5692 1 1 1
5695 1 1 1
5698 1 1 1
5701 1 1 1
5704 1 1 1
5707 1 1 1
5710 1 1 1
5713 1 1 1
5716 1 1 1
5719 1 1 1
5722 1 1 1
5725 1 1 1
5727 1 1 1
8003 1 1 1
8006 1 1 1
8009 1 1 1
8012 1 1 1
8015 1 1 1
8018 1 1 1
8021 1 1 1
8024 1 1 1
8027 1 1 1
8030 1 1 1
8033 1 1 1
8036 1 1 1
8039 1 1 1
8042 1 1 1
8045 1 1 1
8047 1 1 1
8787 1 1 1
8790 1 1 1
8793 1 1 1
8796 1 1 1
8799 1 1 1
8802 1 1 1
8805 1 1 1
8808 1 1 1
8811 1 1 1
8814 1 1 1
8817 1 1 1
8820 1 1 1
8823 1 1 1
8826 1 1 1
8829 1 1 1
8831 1 1 1
