64 1 1 1
65 1 1 1
66 1 1 1
67 1 1 1
68 1 1 1
69 1 1 1
70 1 1 1
71 1 1 1
250 1 1 1
253 1 1 1
256 1 1 1
259 1 1 1
262 1 1 1
265 1 1 1
268 1 1 1
271 1 1 1
581 1 1 1
587 1 1 1
590 1 1 1
596 1 1 1
599 1 1 1
605 1 1 1
608 1 1 1
614 1 1 1
617 1 1 1
623 1 1 1
626 1 1 1
632 1 1 1
635 1 1 1
641 1 1 1
644 1 1 1
1041 1 1 1
1365 1 1 1
1371 1 1 1
1374 1 1 1
1380 1 1 1
1383 1 1 1
1389 1 1 1
1392 1 1 1
1398 1 1 1
1401 1 1 1
1407 1 1 1
1410 1 1 1
1416 1 1 1
1419 1 1 1
1425 1 1 1
1428 1 1 1
1825 1 1 1
2149 1 1 1
2155 1 1 1
2158 1 1 1
2164 1 1 1
2167 1 1 1
2173 1 1 1
2176 1 1 1
2182 1 1 1
2185 1 1 1
2191 1 1 1
2194 1 1 1
2200 1 1 1
2203 1 1 1
2209 1 1 1
2212 1 1 1
2609 1 1 1
0 1 1 1
1 1 1 1
2 1 1 1
3 1 1 1
4 1 1 1
5 1 1 1
6 1 1 1
7 1 1 1
76 1 1 1
80 1 1 1
84 1 1 1
88 1 1 1
92 1 1 1
96 1 1 1
100 1 1 1
103 1 1 1
276 1 1 1
281 1 1 1
286 1 1 1
291 1 1 1
296 1 1 1
301 1 1 1
306 1 1 1
970 1 1 1
977 1 1 1
984 1 1 1
991 1 1 1
998 1 1 1
1005 1 1 1
1012 1 1 1
1019 1 1 1
1023 1 1 1
1060 1 1 1
1065 1 1 1
1070 1 1 1
1075 1 1 1
1080 1 1 1
1085 1 1 1
1090 1 1 1
1754 1 1 1
1761 1 1 1
1768 1 1 1
1775 1 1 1
1782 1 1 1
1789 1 1 1
1796 1 1 1
1803 1 1 1
1807 1 1 1
1844 1 1 1
1849 1 1 1
1854 1 1 1
1859 1 1 1
1864 1 1 1
1869 1 1 1
1874 1 1 1
2538 1 1 1
2545 1 1 1
2552 1 1 1
2559 1 1 1
2566 1 1 1
2573 1 1 1
2580 1 1 1
2587 1 1 1
2591 1 1 1