256
257
258
259
260
261
262
263
264
265
266
267
268
269
270
271
1011
1014
1017
1020
1023
1026
1029
1032
1035
1038
1041
1044
1047
1050
1053
1055
1795
1798
1801
1804
1807
1810
1813
1816
1819
1822
1825
1828
1831
1834
1837
1839
2579
2582
2585
2588
2591
2594
2597
2600
2603
2606
2609
2612
2615
2618
2621
2623
4899
4902
4905
4908
4911
4914
4917
4920
4923
4926
4929
4932
4935
4938
4941
4943
5683
5686
5689
5692
5695
5698
5701
5704
5707
5710
5713
5716
5719
5722
5725
5727
8003
8006
8009
8012
8015
8018
8021
8024
8027
8030
8033
8036
8039
8042
8045
8047
8787
8790
8793
8796
8799
8802
8805
8808
8811
8814
8817
8820
8823
8826
8829
8831
