31 1 1 1
30 1 1 1
32 1 1 1
33 1 1 1
34 1 1 1
35 1 1 1
36 1 1 1
37 1 1 1
38 1 1 1
39 1 1 1
40 1 1 1
41 1 1 1
42 1 1 1
43 1 1 1
44 1 1 1
45 1 1 1
46 1 1 1
47 1 1 1
48 1 1 1
49 1 1 1
50 1 1 1
51 1 1 1
52 1 1 1
53 1 1 1
54 1 1 1
55 1 1 1
56 1 1 1
1078 1 1 1
1119 1 1 1
1134 1 1 1
1160 1 1 1
1487 1 1 1
1490 1 1 1
1543 1 1 1
1812 1 1 1
1825 1 1 1
1839 1 1 1
1842 1 1 1
2214 1 1 1
2246 1 1 1
2285 1 1 1
2557 1 1 1
2563 1 1 1
2573 1 1 1
2930 1 1 1
2957 1 1 1
2981 1 1 1
3303 1 1 1
3309 1 1 1
3393 1 1 1
3394 1 1 1
3466 1 1 1
3653 1 1 1
3684 1 1 1
3693 1 1 1
4058 1 1 1
4099 1 1 1
4114 1 1 1
4467 1 1 1
4470 1 1 1
4523 1 1 1
4793 1 1 1
4806 1 1 1
4820 1 1 1
4823 1 1 1
5195 1 1 1
5227 1 1 1
5266 1 1 1
5538 1 1 1
5544 1 1 1
5554 1 1 1
5911 1 1 1
5938 1 1 1
5962 1 1 1
6284 1 1 1
6290 1 1 1
6374 1 1 1
6375 1 1 1
6447 1 1 1
6634 1 1 1
6665 1 1 1
6674 1 1 1
7038 1 1 1
7079 1 1 1
7094 1 1 1
7446 1 1 1
7449 1 1 1
7501 1 1 1
7770 1 1 1
7783 1 1 1
7797 1 1 1
7798 1 1 1
7800 1 1 1
7809 1 1 1
8172 1 1 1
8204 1 1 1
8243 1 1 1
8515 1 1 1
8521 1 1 1
8531 1 1 1
8888 1 1 1
8915 1 1 1
8939 1 1 1
9261 1 1 1
9267 1 1 1
9351 1 1 1
9352 1 1 1
9424 1 1 1
9611 1 1 1
9619 1 1 1
9643 1 1 1
9652 1 1 1
14197 1 1 1
14200 1 1 1