0 1 1 1
65 1 1 1
130 1 1 1
195 1 1 1
260 1 1 1
325 1 1 1
390 1 1 1
455 1 1 1
520 1 1 1
585 1 1 1
650 1 1 1
715 1 1 1
780 1 1 1
845 1 1 1
910 1 1 1
975 1 1 1
1040 1 1 1
1105 1 1 1
1170 1 1 1
1235 1 1 1
1300 1 1 1
1365 1 1 1
1430 1 1 1
1495 1 1 1
1560 1 1 1
1625 1 1 1
1690 1 1 1
1755 1 1 1
1820 1 1 1
1885 1 1 1
1950 1 1 1
2015 1 1 1
2080 1 1 1
2145 1 1 1
2210 1 1 1
2275 1 1 1
2340 1 1 1
2405 1 1 1
2470 1 1 1
2535 1 1 1
2600 1 1 1
2665 1 1 1
2730 1 1 1
2795 1 1 1
2860 1 1 1
2925 1 1 1
2990 1 1 1
3055 1 1 1
3120 1 1 1
3185 1 1 1
3250 1 1 1
3315 1 1 1
3380 1 1 1
3445 1 1 1
3510 1 1 1
3575 1 1 1
3640 1 1 1
3705 1 1 1
3770 1 1 1
3835 1 1 1
3900 1 1 1
3965 1 1 1
4030 1 1 1
4095 1 1 1
4160 1 1 1
4161 1 1 1
4162 1 1 1
4163 1 1 1
4164 1 1 1
4165 1 1 1
4166 1 1 1
4167 1 1 1
4168 1 1 1
4169 1 1 1
4170 1 1 1
4171 1 1 1
4172 1 1 1
4173 1 1 1
4174 1 1 1
4175 1 1 1
4176 1 1 1
4177 1 1 1
4178 1 1 1
4179 1 1 1
4180 1 1 1
4181 1 1 1
4182 1 1 1
4183 1 1 1
4184 1 1 1
4185 1 1 1
4186 1 1 1
4187 1 1 1
4188 1 1 1
4189 1 1 1
4190 1 1 1
4191 1 1 1
4192 1 1 1
4193 1 1 1
4194 1 1 1
4195 1 1 1
4196 1 1 1
4197 1 1 1
4198 1 1 1
4199 1 1 1
4200 1 1 1
4201 1 1 1
4202 1 1 1
4203 1 1 1
4204 1 1 1
4205 1 1 1
4206 1 1 1
4207 1 1 1
4208 1 1 1
4209 1 1 1
4210 1 1 1
4211 1 1 1
4212 1 1 1
4213 1 1 1
4214 1 1 1
4215 1 1 1
4216 1 1 1
4217 1 1 1
4218 1 1 1
4219 1 1 1
4220 1 1 1
4221 1 1 1
4222 1 1 1
4223 1 1 1
4224 1 1 1
