0 1 1 1
65 1 1 1
130 1 1 1
195 1 1 1
260 1 1 1
325 1 1 1
390 1 1 1
455 1 1 1
520 1 1 1
585 1 1 1
650 1 1 1
715 1 1 1
780 1 1 1
845 1 1 1
910 1 1 1
975 1 1 1
1040 1 1 1
1105 1 1 1
1170 1 1 1
1235 1 1 1
1300 1 1 1
1365 1 1 1
1430 1 1 1
1495 1 1 1
1560 1 1 1
1625 1 1 1
1690 1 1 1
1755 1 1 1
1820 1 1 1
1885 1 1 1
1950 1 1 1
2015 1 1 1
2080 1 1 1
2145 1 1 1
2210 1 1 1
2275 1 1 1
2340 1 1 1
2405 1 1 1
2470 1 1 1
2535 1 1 1
2600 1 1 1
2665 1 1 1
2730 1 1 1
2795 1 1 1
2860 1 1 1
2925 1 1 1
2990 1 1 1
3055 1 1 1
3120 1 1 1
3185 1 1 1
3250 1 1 1
3315 1 1 1
3380 1 1 1
3445 1 1 1
3510 1 1 1
3575 1 1 1
3640 1 1 1
3705 1 1 1
3770 1 1 1
3835 1 1 1
3900 1 1 1
3965 1 1 1
4030 1 1 1
4095 1 1 1
4160 1 1 1
64 1 1 1
129 1 1 1
194 1 1 1
259 1 1 1
324 1 1 1
389 1 1 1
454 1 1 1
519 1 1 1
584 1 1 1
649 1 1 1
714 1 1 1
779 1 1 1
844 1 1 1
909 1 1 1
974 1 1 1
1039 1 1 1
1104 1 1 1
1169 1 1 1
1234 1 1 1
1299 1 1 1
1364 1 1 1
1429 1 1 1
1494 1 1 1
1559 1 1 1
1624 1 1 1
1689 1 1 1
1754 1 1 1
1819 1 1 1
1884 1 1 1
1949 1 1 1
2014 1 1 1
2079 1 1 1
2144 1 1 1
2209 1 1 1
2274 1 1 1
2339 1 1 1
2404 1 1 1
2469 1 1 1
2534 1 1 1
2599 1 1 1
2664 1 1 1
2729 1 1 1
2794 1 1 1
2859 1 1 1
2924 1 1 1
2989 1 1 1
3054 1 1 1
3119 1 1 1
3184 1 1 1
3249 1 1 1
3314 1 1 1
3379 1 1 1
3444 1 1 1
3509 1 1 1
3574 1 1 1
3639 1 1 1
3704 1 1 1
3769 1 1 1
3834 1 1 1
3899 1 1 1
3964 1 1 1
4029 1 1 1
4094 1 1 1
4159 1 1 1
4224 1 1 1
