4160 1 1 1
4161 1 1 1
4162 1 1 1
4163 1 1 1
4164 1 1 1
4165 1 1 1
4166 1 1 1
4167 1 1 1
4168 1 1 1
4169 1 1 1
4170 1 1 1
4171 1 1 1
4172 1 1 1
4173 1 1 1
4174 1 1 1
4175 1 1 1
4176 1 1 1
4177 1 1 1
4178 1 1 1
4179 1 1 1
4180 1 1 1
4181 1 1 1
4182 1 1 1
4183 1 1 1
4184 1 1 1
4185 1 1 1
4186 1 1 1
4187 1 1 1
4188 1 1 1
4189 1 1 1
4190 1 1 1
4191 1 1 1
4192 1 1 1
4193 1 1 1
4194 1 1 1
4195 1 1 1
4196 1 1 1
4197 1 1 1
4198 1 1 1
4199 1 1 1
4200 1 1 1
4201 1 1 1
4202 1 1 1
4203 1 1 1
4204 1 1 1
4205 1 1 1
4206 1 1 1
4207 1 1 1
4208 1 1 1
4209 1 1 1
4210 1 1 1
4211 1 1 1
4212 1 1 1
4213 1 1 1
4214 1 1 1
4215 1 1 1
4216 1 1 1
4217 1 1 1
4218 1 1 1
4219 1 1 1
4220 1 1 1
4221 1 1 1
4222 1 1 1
4223 1 1 1
4224 1 1 1
