0 1 1 1
65 1 1 1
130 1 1 1
195 1 1 1
260 1 1 1
325 1 1 1
390 1 1 1
455 1 1 1
520 1 1 1
585 1 1 1
650 1 1 1
715 1 1 1
780 1 1 1
845 1 1 1
910 1 1 1
975 1 1 1
1040 1 1 1
1105 1 1 1
1170 1 1 1
1235 1 1 1
1300 1 1 1
1365 1 1 1
1430 1 1 1
1495 1 1 1
1560 1 1 1
1625 1 1 1
1690 1 1 1
1755 1 1 1
1820 1 1 1
1885 1 1 1
1950 1 1 1
2015 1 1 1
2080 1 1 1
2145 1 1 1
2210 1 1 1
2275 1 1 1
2340 1 1 1
2405 1 1 1
2470 1 1 1
2535 1 1 1
2600 1 1 1
2665 1 1 1
2730 1 1 1
2795 1 1 1
2860 1 1 1
2925 1 1 1
2990 1 1 1
3055 1 1 1
3120 1 1 1
3185 1 1 1
3250 1 1 1
3315 1 1 1
3380 1 1 1
3445 1 1 1
3510 1 1 1
3575 1 1 1
3640 1 1 1
3705 1 1 1
3770 1 1 1
3835 1 1 1
3900 1 1 1
3965 1 1 1
4030 1 1 1
4095 1 1 1